2 0.329434 0.505075 0.027961 0.102429
2 0.864139 0.422533 0.018523 0.084886
2 0.562166 0.293463 0.014334 0.057252
2 0.343825 0.817257 0.049197 0.182794
2 0.298353 0.433981 0.020283 0.081444
2 0.264488 0.704236 0.036540 0.149453
3 0.536499 0.449979 0.074665 0.205101
2 0.853269 0.376345 0.019285 0.071290
2 0.389375 0.276591 0.012349 0.052664
2 0.714498 0.282950 0.012648 0.051265
1 0.778788 0.384897 0.065607 0.083978
2 0.765044 0.292414 0.013506 0.054626
3 0.436228 0.373150 0.096550 0.251770
1 0.395648 0.162887 0.025378 0.030509
3 0.485223 0.213208 0.053186 0.160800
2 0.186621 0.921857 0.051430 0.156286
1 0.668209 0.319661 0.047455 0.071830
1 0.945322 0.233427 0.023697 0.042717
2 0.579943 0.198436 0.008427 0.039737
3 0.551086 0.119280 0.024305 0.076313
1 0.488536 0.127312 0.017900 0.020653
1 0.421625 0.115813 0.013527 0.026310
1 0.993067 0.259166 0.013633 0.055491
1 0.427360 0.163992 0.013700 0.037964
2 0.354033 0.260511 0.015106 0.049718
