1 0.622210 0.471262 0.029482 0.045181
2 0.687341 0.589056 0.017920 0.066925
2 0.746602 0.597389 0.013935 0.066288
2 0.702573 0.702038 0.021210 0.092271
1 0.514316 0.399401 0.021744 0.033879
2 0.720923 0.622513 0.019637 0.074048
2 0.685452 0.524298 0.015558 0.051672
3 0.640121 0.370484 0.021728 0.053297
1 0.527309 0.429094 0.027254 0.043512
1 0.685880 0.305148 0.012887 0.031668
2 0.668261 0.916999 0.042751 0.141819
2 0.735065 0.470214 0.011668 0.042674
1 0.673967 0.342472 0.012489 0.021775
2 0.701270 0.456523 0.008916 0.043795
2 0.675104 0.420567 0.007476 0.035164
2 0.756868 0.528843 0.012302 0.052917
2 0.696404 0.434955 0.007746 0.038308
1 0.942314 0.447167 0.022189 0.045430
1 0.669339 0.302288 0.006518 0.019288
2 0.451370 0.424731 0.007508 0.032388
