2 0.741486 0.719193 0.024818 0.099067
2 0.730959 0.594862 0.015619 0.068274
2 0.682476 0.631467 0.018890 0.076687
1 0.672601 0.375505 0.017214 0.026363
2 0.691589 0.525389 0.012664 0.054640
2 0.731163 0.477153 0.014009 0.043829
2 0.792014 0.836420 0.028638 0.121384
1 0.550336 0.366107 0.017123 0.025743
2 0.672704 0.433110 0.008122 0.036626
2 0.779236 0.583859 0.011974 0.065272
3 0.626962 0.438877 0.033890 0.084111
1 0.540416 0.829680 0.087249 0.160231
1 0.632663 0.308112 0.011203 0.023597
2 0.698699 0.401548 0.006061 0.030675
1 0.685263 0.304431 0.014227 0.032114
1 0.566373 0.379007 0.016366 0.026506
1 0.611765 0.375212 0.030657 0.033030
1 0.828789 0.355792 0.014927 0.033838
1 0.666409 0.310441 0.008626 0.023564
1 0.604170 0.375011 0.016254 0.030600
