2 0.948507 0.454442 0.028886 0.103561
2 0.341667 0.301370 0.017009 0.074695
2 0.060149 0.735707 0.038545 0.166894
1 0.403765 0.403738 0.067400 0.123794
2 0.557349 0.225776 0.019698 0.077642
1 0.650417 0.162266 0.034423 0.051090
2 0.734346 0.377176 0.023948 0.090133
1 0.394849 0.087163 0.024640 0.030137
2 0.688899 0.181860 0.010559 0.046987
2 0.714753 0.176188 0.010821 0.045622
3 0.475768 0.225714 0.081552 0.244151
1 0.945537 0.159832 0.024963 0.043540
1 0.442362 0.110860 0.042294 0.112563
3 0.382871 0.795855 0.145281 0.382687
1 0.367954 0.087405 0.015007 0.033685
1 0.592017 0.134811 0.029736 0.045589
1 0.576329 0.074501 0.039551 0.077840
