2 0.327812 0.335018 0.018548 0.080763
2 0.694787 0.335811 0.016762 0.081008
2 0.862737 0.364531 0.022301 0.085453
2 0.555618 0.214865 0.019166 0.058172
1 0.383606 0.485610 0.077975 0.150128
1 0.581883 0.117939 0.023187 0.042178
2 0.183014 0.339469 0.024317 0.082419
1 0.393507 0.085195 0.024865 0.031031
3 0.470988 0.258725 0.096356 0.277633
1 0.944809 0.157894 0.024771 0.043786
1 0.638333 0.141369 0.025508 0.047374
1 0.366636 0.082674 0.015469 0.029733
2 0.387290 0.128777 0.010091 0.041700
2 0.696285 0.156223 0.010585 0.041994
2 0.407117 0.119690 0.006883 0.038614
2 0.357751 0.112952 0.006408 0.035572
1 0.437941 0.119046 0.045457 0.122110
