1 0.269923 0.706570 0.105438 0.148312
1 0.669875 0.431539 0.024447 0.037889
2 0.708636 0.773514 0.025271 0.109336
2 0.702099 0.562317 0.013523 0.063652
2 0.734881 0.620342 0.021289 0.074655
2 0.328081 0.575724 0.017485 0.065958
2 0.245854 0.643242 0.025342 0.083482
2 0.804221 0.668761 0.019227 0.080765
1 0.511606 0.398948 0.018004 0.030010
3 0.569063 0.666434 0.092018 0.203261
2 0.735446 0.478358 0.013925 0.043406
1 0.571864 0.348582 0.014745 0.022044
2 0.571290 0.409583 0.007748 0.031915
1 0.685556 0.305626 0.012554 0.032721
2 0.552835 0.413311 0.011732 0.033383
2 0.950007 0.476995 0.014509 0.046210
1 0.495543 0.388880 0.026657 0.033978
1 0.585919 0.358376 0.015392 0.023600
2 0.355114 0.484833 0.010846 0.046985
1 0.784197 0.305596 0.008566 0.015120
3 0.623680 0.360817 0.053753 0.065039
1 0.696897 0.283626 0.011488 0.016683
