2 0.336948 0.494226 0.027690 0.099618
2 0.352375 0.782668 0.045706 0.174922
2 0.305476 0.426869 0.019040 0.080232
2 0.200275 0.901790 0.051601 0.196421
2 0.877891 0.439066 0.021050 0.083477
2 0.273898 0.681229 0.034557 0.141803
2 0.863777 0.384912 0.019155 0.071370
1 0.788105 0.396068 0.070122 0.087045
2 0.773705 0.298313 0.013738 0.054604
3 0.438684 0.368447 0.089597 0.246022
2 0.562795 0.293740 0.014791 0.057792
1 0.674179 0.328748 0.049659 0.074108
3 0.535352 0.436065 0.071928 0.195655
2 0.392020 0.274571 0.011868 0.052795
1 0.396368 0.163565 0.025296 0.031024
2 0.721851 0.290417 0.012659 0.050177
1 0.945980 0.233978 0.023460 0.041865
3 0.551800 0.121200 0.023999 0.077094
3 0.486070 0.212230 0.052012 0.158793
1 0.422338 0.117237 0.014311 0.025639
1 0.607916 0.193961 0.011214 0.032027
1 0.488927 0.127082 0.017197 0.021017
2 0.359368 0.194603 0.006114 0.036080
1 0.545764 0.145809 0.010403 0.022716
