1 0.666858 0.622235 0.050025 0.089742
1 0.500827 0.447446 0.027348 0.050938
2 0.663979 0.451041 0.011818 0.038382
1 0.685845 0.305780 0.013080 0.031732
1 0.281477 0.391398 0.035654 0.036764
2 0.848942 0.806641 0.026458 0.117515
2 0.577012 0.411604 0.008379 0.036974
1 0.536921 0.377754 0.013339 0.022768
2 0.736634 0.477888 0.014670 0.045708
2 0.794214 0.359257 0.005424 0.023424
1 0.595743 0.347308 0.010603 0.022284
2 0.683025 0.379031 0.005318 0.029985
1 0.828160 0.357145 0.015026 0.031677
3 0.650082 0.313820 0.012685 0.030234
2 0.801974 0.347773 0.005589 0.022840
