2 0.676899 0.601858 0.015861 0.067964
1 0.640339 0.386083 0.018979 0.027662
1 0.424020 0.550646 0.055473 0.074161
2 0.310415 0.593869 0.020378 0.073958
1 0.499466 0.485245 0.023772 0.057994
1 0.536779 0.382482 0.020887 0.029205
2 0.747669 0.493665 0.010980 0.049415
2 0.684786 0.427144 0.008905 0.035539
2 0.740776 0.465147 0.010797 0.039316
2 0.712325 0.437244 0.006972 0.034820
2 0.674008 0.406741 0.009433 0.043910
2 0.694228 0.373376 0.005833 0.032145
2 0.712770 0.518320 0.011671 0.055440
1 0.465926 0.448166 0.012575 0.038658
1 0.419854 0.493262 0.045069 0.061208
2 0.668906 0.446711 0.012784 0.056928
1 0.942959 0.447693 0.022874 0.045004
1 0.646187 0.340681 0.016862 0.037758
1 0.670212 0.321325 0.010723 0.017300
1 0.418810 0.493839 0.046792 0.063609
2 0.688358 0.337033 0.005270 0.021521
2 0.296725 0.555855 0.020061 0.055641
1 0.828485 0.355494 0.014629 0.031399
2 0.713388 0.486926 0.009514 0.038312
1 0.656328 0.329253 0.009742 0.025177
