2 0.853281 0.681708 0.045837 0.176938
2 0.541783 0.123045 0.012956 0.053478
2 0.985321 0.404676 0.028960 0.108160
2 0.175010 0.687265 0.040281 0.183780
2 0.863951 0.047401 0.010759 0.041143
2 0.395898 0.105914 0.008109 0.051974
3 0.492349 0.103537 0.040806 0.102776
2 0.407364 0.032233 0.008069 0.039363
1 0.387755 0.010376 0.027048 0.020335
2 0.602496 0.013268 0.006523 0.025439
3 0.388424 0.427385 0.196807 0.479036
2 0.569682 0.159219 0.016559 0.062980
2 0.373194 0.116102 0.012623 0.055088
2 0.653391 0.074330 0.009682 0.043990
3 0.428909 0.122643 0.066840 0.193070
3 0.574210 0.008762 0.026191 0.017058
2 0.384757 0.078750 0.012439 0.041352
