1 0.917756 0.358311 0.083206 0.103340
2 0.317010 0.227231 0.018285 0.081591
2 0.854276 0.232369 0.023364 0.084872
2 0.838633 0.614916 0.044071 0.152736
2 0.636778 0.258745 0.016965 0.085405
2 0.436625 0.114613 0.022426 0.056586
2 0.332299 0.192155 0.019360 0.075609
3 0.676667 0.122794 0.101575 0.218122
3 0.515121 0.239445 0.061679 0.169226
2 0.397953 0.055428 0.009968 0.045446
1 0.934748 0.065441 0.024105 0.043013
2 0.357039 0.126374 0.015781 0.056666
2 0.845780 0.018389 0.009035 0.029332
2 0.598649 0.009767 0.006908 0.018716
