2 0.161689 0.509585 0.031516 0.118344
2 0.281256 0.493363 0.025787 0.116121
2 0.550143 0.227140 0.014091 0.058281
1 0.563928 0.104081 0.020504 0.034960
2 0.722884 0.239808 0.012706 0.056844
3 0.441022 0.402888 0.135823 0.402318
1 0.390759 0.099781 0.025417 0.031768
2 0.378641 0.173410 0.011131 0.048119
2 0.348392 0.198257 0.017019 0.051351
2 0.404749 0.158342 0.012630 0.061196
1 0.594906 0.046151 0.027634 0.037346
2 0.606991 0.286152 0.014762 0.069987
2 0.363172 0.164780 0.013311 0.044945
1 0.543165 0.081512 0.016726 0.030895
3 0.963036 0.677472 0.073928 0.488801
1 0.564535 0.075773 0.021914 0.050937
1 0.363788 0.105232 0.017085 0.040444
