1 0.411366 0.374955 0.064330 0.118802
2 0.754941 0.390452 0.027764 0.105246
2 0.347248 0.288180 0.017181 0.072011
2 0.095282 0.901245 0.058778 0.197510
2 0.091501 0.675644 0.036707 0.156124
1 0.655396 0.169093 0.030275 0.053578
2 0.555828 0.214754 0.017452 0.057451
2 0.989631 0.498436 0.020630 0.114322
2 0.698630 0.190014 0.010938 0.048746
2 0.723246 0.183227 0.011014 0.047667
3 0.478801 0.213425 0.078071 0.236815
1 0.395487 0.085930 0.025423 0.031638
1 0.596304 0.141031 0.030202 0.047805
1 0.946045 0.159180 0.024275 0.043451
2 0.651365 0.128074 0.009948 0.038156
2 0.570487 0.236797 0.014741 0.065203
1 0.368567 0.083522 0.014473 0.029213
1 0.579951 0.075814 0.038815 0.080672
1 0.443928 0.105660 0.041484 0.113063
