1 0.411367 0.374955 0.064329 0.118803
2 0.754941 0.390453 0.027760 0.105248
2 0.347248 0.288181 0.017180 0.072014
2 0.095282 0.901242 0.058774 0.197516
2 0.091500 0.675653 0.036704 0.156120
1 0.655394 0.169092 0.030272 0.053578
2 0.555829 0.214755 0.017452 0.057455
2 0.989632 0.498431 0.020626 0.114309
2 0.698630 0.190013 0.010937 0.048747
2 0.723247 0.183226 0.011013 0.047671
3 0.478801 0.213438 0.078068 0.236808
1 0.395486 0.085932 0.025421 0.031639
1 0.596304 0.141031 0.030202 0.047809
1 0.946046 0.159181 0.024274 0.043449
2 0.651365 0.128075 0.009946 0.038153
2 0.570488 0.236794 0.014739 0.065199
1 0.368567 0.083525 0.014473 0.029214
1 0.579950 0.075815 0.038812 0.080680
1 0.443928 0.105660 0.041479 0.113059
