2 0.329434 0.505075 0.027965 0.102426
2 0.864139 0.422533 0.018526 0.084878
2 0.562165 0.293462 0.014336 0.057247
2 0.343829 0.817257 0.049201 0.182803
2 0.298353 0.433979 0.020285 0.081443
2 0.264488 0.704238 0.036543 0.149430
3 0.536499 0.449972 0.074662 0.205080
2 0.853268 0.376347 0.019287 0.071286
2 0.389375 0.276592 0.012349 0.052664
2 0.714498 0.282950 0.012650 0.051262
1 0.778790 0.384895 0.065608 0.083985
2 0.765044 0.292415 0.013506 0.054622
3 0.436229 0.373141 0.096554 0.251755
1 0.395647 0.162886 0.025378 0.030511
3 0.485227 0.213208 0.053187 0.160790
2 0.186622 0.921862 0.051431 0.156276
1 0.668209 0.319659 0.047458 0.071831
1 0.945322 0.233426 0.023700 0.042714
2 0.579942 0.198436 0.008427 0.039740
3 0.551087 0.119284 0.024309 0.076317
1 0.488536 0.127312 0.017902 0.020652
1 0.421625 0.115810 0.013527 0.026312
1 0.993065 0.259165 0.013635 0.055487
1 0.427360 0.163992 0.013700 0.037962
2 0.354033 0.260511 0.015108 0.049719
