2 0.161689 0.509586 0.031520 0.118340
2 0.281257 0.493362 0.025791 0.116120
2 0.550143 0.227139 0.014092 0.058284
1 0.563928 0.104080 0.020506 0.034960
2 0.722884 0.239808 0.012708 0.056845
3 0.441022 0.402875 0.135835 0.402281
1 0.390758 0.099781 0.025415 0.031768
2 0.378641 0.173410 0.011132 0.048121
2 0.348392 0.198258 0.017021 0.051353
2 0.404749 0.158341 0.012631 0.061197
1 0.594906 0.046150 0.027633 0.037339
2 0.606991 0.286152 0.014766 0.069985
2 0.363172 0.164774 0.013310 0.044936
1 0.543165 0.081511 0.016727 0.030892
3 0.963033 0.677437 0.073934 0.488734
1 0.564533 0.075770 0.021909 0.050929
1 0.363788 0.105234 0.017085 0.040444
